1 37.4393516691 541.2090699418
2 612.1759508571 494.3166877396
3 38.1312338227 353.1484581781
4 53.4418081065 131.4849013650
5 143.0606355347 631.7200953923
6 689.9451267256 468.5354998742
7 112.7478815786 529.4177578260
8 141.4875865042 504.8184855710
9 661.0513901702 445.9375182115
10 98.7899036592 384.5926031158
11 697.3881696597 180.3962284275
12 536.4894189738 287.2279085051
13 192.4067320507 20.4394059310
14 282.7865258765 229.8001556189
15 240.8251726391 281.5141437200
16 246.9281323057 322.4613321160
17 649.7313216456 62.3331575282
18 352.9658562600 666.7873101942
19 633.3923676580 534.9398453712
20 488.3117994040 437.4869439948